0 0.835090 0.689382 0.090305 0.084542
0 0.200121 0.391417 0.024508 0.021417
0 0.304641 0.404056 0.027422 0.022500
0 0.272531 0.405931 0.027578 0.024306
0 0.322973 0.420014 0.030492 0.027528
0 0.383977 0.482938 0.043125 0.048042
0 0.636016 0.482576 0.041797 0.034847
0 0.621434 0.457660 0.045680 0.038597
0 0.614547 0.504035 0.051031 0.049542
0 0.970359 0.717528 0.059281 0.091444
0 0.282715 0.652715 0.056102 0.099875
0 0.488422 0.454285 0.028812 0.032181
0 0.390457 0.427986 0.033414 0.028194
0 0.460453 0.467778 0.036688 0.038611
0 0.262809 0.546556 0.042555 0.062639
0 0.428336 0.948403 0.112203 0.103194
0 0.225301 0.930160 0.107273 0.137819
0 0.555629 0.460847 0.035242 0.038972
0 0.559059 0.775174 0.082117 0.124764
0 0.765852 0.602361 0.068687 0.075500
0 0.825617 0.553174 0.072453 0.071042
0 0.323359 0.515882 0.047531 0.090819
0 0.502848 0.649896 0.069930 0.107847
0 0.245195 0.468882 0.037844 0.045958
0 0.352063 0.438153 0.024984 0.019639
