0 0.289820 0.594222 0.080109 0.178167
0 0.834527 0.550326 0.077789 0.071819
0 0.971066 0.720556 0.057867 0.098583
0 0.516055 0.436201 0.044969 0.043875
0 0.431074 0.424271 0.033320 0.033847
0 0.364973 0.435299 0.035430 0.035847
0 0.385695 0.426215 0.016656 0.023153
0 0.326187 0.419743 0.029562 0.030097
0 0.255246 0.458597 0.031227 0.038833
0 0.244422 0.431313 0.036828 0.036097
0 0.284836 0.403778 0.028438 0.025389
0 0.207039 0.399000 0.030797 0.029111
0 0.175324 0.389743 0.020586 0.021653
0 0.342871 0.543014 0.040086 0.067778
0 0.440617 0.581764 0.052109 0.067083
0 0.447813 0.457743 0.046500 0.048264
0 0.626020 0.499549 0.052102 0.053181
0 0.491508 0.462472 0.038531 0.040222
0 0.532348 0.674667 0.070008 0.105194
0 0.839027 0.618604 0.091758 0.080875
0 0.595125 0.528715 0.048922 0.060597
0 0.722699 0.548438 0.064523 0.070153
0 0.499816 0.556868 0.065258 0.073042
0 0.351406 0.470160 0.048797 0.066292
0 0.248730 0.520347 0.043633 0.082083
