0 0.251699 0.551090 0.041086 0.049458
0 0.196469 0.389556 0.020391 0.024444
0 0.436633 0.571299 0.024844 0.064236
0 0.293238 0.778486 0.072430 0.150000
0 0.737738 0.492535 0.051555 0.051847
0 0.748547 0.577972 0.070609 0.064361
0 0.544289 0.733528 0.073797 0.110306
0 0.301063 0.596229 0.042797 0.074347
0 0.897281 0.460250 0.070922 0.064389
0 0.508844 0.566375 0.054641 0.063167
0 0.328020 0.541375 0.038570 0.062972
0 0.292254 0.506646 0.039008 0.062097
0 0.212980 0.401208 0.020602 0.028694
0 0.913605 0.577306 0.082945 0.086500
0 0.322051 0.417250 0.041477 0.034167
0 0.333816 0.486021 0.042555 0.046042
0 0.391781 0.635229 0.086812 0.194069
0 0.733820 0.796257 0.116922 0.173486
0 0.431457 0.510681 0.047305 0.065667
0 0.371988 0.475951 0.036398 0.041819
0 0.261348 0.483604 0.035617 0.043319
0 0.261469 0.453861 0.032563 0.036278
0 0.290711 0.439458 0.037906 0.040889
0 0.399430 0.413444 0.034719 0.037333
0 0.260309 0.407194 0.028664 0.032722
