0 0.193559 0.396042 0.014930 0.020417
0 0.555578 0.461250 0.052281 0.048056
0 0.635223 0.557438 0.058961 0.051931
0 0.772852 0.652861 0.078312 0.090583
0 0.814422 0.519597 0.059906 0.057917
0 0.768801 0.568944 0.067367 0.067306
0 0.608117 0.889674 0.110719 0.182292
0 0.275813 0.707993 0.062688 0.101264
0 0.271941 0.832722 0.080508 0.161889
0 0.686523 0.742688 0.090188 0.116347
0 0.497332 0.481389 0.042758 0.038750
0 0.462691 0.949444 0.114289 0.095083
0 0.326355 0.416861 0.034852 0.035861
0 0.762918 0.409319 0.037430 0.050444
0 0.965617 0.707667 0.064375 0.065278
0 0.240055 0.408639 0.024297 0.027500
0 0.267227 0.407917 0.021797 0.025278
0 0.307215 0.465347 0.038336 0.041528
0 0.272562 0.486806 0.038969 0.047222
0 0.238258 0.533104 0.036547 0.049458
0 0.426949 0.433944 0.039695 0.036389
0 0.396512 0.446521 0.033039 0.029264
0 0.597832 0.459146 0.030117 0.038125
0 0.479516 0.611708 0.064484 0.090111
0 0.378941 0.617646 0.057711 0.095903
