0 0.407598 0.432444 0.033883 0.029611
0 0.575605 0.480167 0.052039 0.051056
0 0.183414 0.387389 0.021859 0.024917
0 0.211457 0.397215 0.025523 0.027514
0 0.435090 0.936938 0.129664 0.124819
0 0.528711 0.726479 0.068359 0.103097
0 0.249391 0.396722 0.027031 0.021667
0 0.850078 0.562396 0.061766 0.079153
0 0.276934 0.604681 0.046836 0.076667
0 0.456922 0.587201 0.055906 0.070347
0 0.818008 0.930632 0.152000 0.138736
0 0.386320 0.626479 0.060344 0.094069
0 0.778559 0.423181 0.040242 0.044056
0 0.777242 0.561063 0.082703 0.097125
0 0.718957 0.604090 0.065680 0.080347
0 0.585078 0.523118 0.049219 0.045514
0 0.482293 0.466438 0.041492 0.037597
0 0.479492 0.436111 0.036484 0.035556
0 0.306184 0.413299 0.020102 0.019597
0 0.613719 0.476444 0.036594 0.034639
0 0.454066 0.520097 0.045680 0.057333
0 0.259051 0.550868 0.039898 0.054431
0 0.346312 0.490438 0.041984 0.055986
0 0.264871 0.481021 0.041477 0.054153
0 0.374707 0.441014 0.034617 0.032917
