0 0.874738 0.932861 0.151664 0.130444
0 0.345289 0.414181 0.035516 0.038028
0 0.467621 0.420465 0.035242 0.021764
0 0.370125 0.587653 0.046719 0.076750
0 0.296309 0.416319 0.028586 0.028194
0 0.262598 0.413958 0.019445 0.023194
0 0.199672 0.448403 0.013594 0.034028
0 0.248535 0.443208 0.031133 0.035056
0 0.256957 0.480160 0.033805 0.043708
0 0.217875 0.405000 0.020328 0.021944
0 0.236996 0.400271 0.018883 0.024097
0 0.188469 0.390764 0.014375 0.020972
0 0.241617 0.919597 0.103438 0.160806
0 0.443539 0.502944 0.049437 0.066778
0 0.401004 0.677424 0.060992 0.114903
0 0.657918 0.699174 0.088586 0.113542
0 0.544996 0.502125 0.044727 0.050056
0 0.308668 0.521285 0.039961 0.057486
0 0.628617 0.510549 0.052250 0.047597
0 0.703902 0.503556 0.056852 0.056694
0 0.920125 0.651618 0.100234 0.102764
0 0.766156 0.642278 0.077375 0.085111
0 0.498109 0.628722 0.066484 0.102194
0 0.597602 0.826569 0.094047 0.139778
0 0.333152 0.481694 0.040414 0.046250
0 0.380262 0.475625 0.038242 0.039583
0 0.374973 0.518104 0.043805 0.047042
0 0.418984 0.431007 0.038594 0.037014
0 0.467348 0.445854 0.040352 0.036153
0 0.648387 0.567389 0.056305 0.050333
0 0.664137 0.966993 0.108227 0.066014
0 0.545215 0.459313 0.040117 0.040569
0 0.530867 0.584090 0.051109 0.068403
