0 0.715336 0.513646 0.055375 0.059792
0 0.267227 0.587076 0.047422 0.076542
0 0.521508 0.653722 0.071312 0.110250
0 0.850840 0.694007 0.089523 0.083181
0 0.340656 0.542938 0.051359 0.061986
0 0.284801 0.690958 0.060633 0.132806
0 0.229762 0.452146 0.037305 0.040986
0 0.240852 0.406931 0.031547 0.026833
0 0.265211 0.395681 0.018984 0.020417
0 0.207855 0.401021 0.023586 0.027153
0 0.226523 0.386153 0.024406 0.026667
0 0.596000 0.459917 0.032750 0.035583
0 0.409402 0.675194 0.059086 0.113833
0 0.674312 0.959979 0.118688 0.078069
0 0.421414 0.540458 0.055078 0.075167
0 0.487910 0.540035 0.061398 0.077764
0 0.444465 0.460479 0.038070 0.037153
0 0.459129 0.443347 0.030133 0.039167
0 0.487590 0.434076 0.034180 0.043486
0 0.236887 0.520965 0.037305 0.054653
0 0.264156 0.483979 0.035984 0.044653
0 0.313867 0.415049 0.029781 0.041597
0 0.366016 0.424792 0.040141 0.047306
0 0.246949 0.907264 0.098727 0.153556
0 0.877773 0.645674 0.082687 0.071264
0 0.576258 0.483083 0.050875 0.052889
0 0.774734 0.870417 0.118641 0.148306
0 0.456187 0.604014 0.051344 0.077194
0 0.700340 0.598917 0.066695 0.071306
