0 0.295312 0.463938 0.040641 0.048431
0 0.345750 0.493174 0.041609 0.050264
0 0.433941 0.899153 0.104445 0.201694
0 0.273965 0.839493 0.085648 0.135764
0 0.567418 0.443806 0.041102 0.034556
0 0.562336 0.484750 0.044531 0.042694
0 0.598160 0.640944 0.071430 0.087667
0 0.985266 0.641208 0.029469 0.087583
0 0.308312 0.530403 0.045219 0.070528
0 0.239348 0.521167 0.040883 0.063167
0 0.507133 0.461806 0.040359 0.033889
0 0.853082 0.942514 0.107055 0.108250
0 0.830715 0.612056 0.071617 0.062139
0 0.179922 0.416389 0.014766 0.031667
0 0.195711 0.445597 0.017734 0.027500
0 0.193574 0.474222 0.010367 0.038306
0 0.190023 0.396083 0.021172 0.021944
0 0.231906 0.397028 0.016328 0.024167
0 0.252062 0.402944 0.027031 0.026528
0 0.639145 0.561507 0.038602 0.050625
0 0.382117 0.624201 0.050766 0.077236
0 0.340457 0.421069 0.031586 0.039028
0 0.668086 0.521965 0.043828 0.044931
0 0.423809 0.421687 0.037070 0.034153
0 0.874926 0.697778 0.079148 0.081972
