0 0.866848 0.720812 0.096039 0.097514
0 0.620637 0.550562 0.052273 0.055542
0 0.267316 0.539250 0.040164 0.069194
0 0.502387 0.554028 0.049195 0.056472
0 0.240484 0.466326 0.041906 0.049708
0 0.659371 0.514181 0.059820 0.047861
0 0.396125 0.691528 0.059344 0.093444
0 0.745027 0.559569 0.055695 0.054778
0 0.429336 0.502528 0.043828 0.051278
0 0.453613 0.959049 0.120711 0.081403
0 0.507367 0.439792 0.114672 0.134722
0 0.436641 0.440722 0.029063 0.034333
0 0.347309 0.430861 0.034289 0.031722
0 0.222469 0.420938 0.032344 0.035847
0 0.220926 0.400771 0.023102 0.022403
0 0.560852 0.510090 0.048672 0.048569
0 0.204977 0.484847 0.032922 0.059417
0 0.289469 0.501903 0.037484 0.041806
0 0.779273 0.545604 0.044672 0.039958
0 0.367871 0.512931 0.047555 0.057861
0 0.733164 0.622646 0.072109 0.071958
0 0.358863 0.417431 0.021867 0.022750
