0 0.407789 0.445903 0.027109 0.029472
0 0.231203 0.468611 0.033297 0.037222
0 0.328852 0.539292 0.043547 0.063306
0 0.254965 0.402187 0.021289 0.028125
0 0.516285 0.430729 0.044023 0.039708
0 0.464887 0.453021 0.034492 0.033653
0 0.385301 0.484312 0.035430 0.041653
0 0.226465 0.405188 0.021992 0.026847
0 0.990824 0.642319 0.018023 0.057972
0 0.438078 0.582187 0.048578 0.062819
0 0.623305 0.679708 0.078016 0.101861
0 0.292566 0.503799 0.040148 0.049764
0 0.552844 0.472118 0.052297 0.055625
0 0.262273 0.898542 0.121719 0.191667
0 0.778332 0.642958 0.087617 0.117111
0 0.842543 0.615944 0.072773 0.069472
0 0.616543 0.497646 0.051570 0.059653
0 0.285625 0.625569 0.053938 0.103528
0 0.736105 0.518403 0.052773 0.050639
0 0.700043 0.537701 0.057023 0.058625
0 0.476270 0.632667 0.059898 0.081889
0 0.379395 0.513132 0.044617 0.059986
0 0.461934 0.521826 0.051148 0.063319
0 0.544172 0.583993 0.058297 0.081542
0 0.661508 0.469028 0.045641 0.039833
0 0.323602 0.447132 0.039391 0.041847
0 0.369914 0.440486 0.023422 0.029306
0 0.342348 0.415694 0.023742 0.024917
0 0.275191 0.461493 0.036289 0.037736
0 0.237055 0.440951 0.032906 0.032847
0 0.269805 0.432812 0.033047 0.027625
0 0.298996 0.401194 0.026742 0.026639
