0 0.682031 0.497563 0.052500 0.052875
0 0.800590 0.506889 0.063258 0.047667
0 0.567648 0.498556 0.055547 0.091250
0 0.778430 0.655236 0.084578 0.071583
0 0.424316 0.566549 0.052336 0.080403
0 0.821996 0.559021 0.068773 0.055764
0 0.709703 0.551840 0.060687 0.062014
0 0.651539 0.440146 0.123641 0.090014
0 0.331738 0.536979 0.041523 0.062375
0 0.301055 0.651493 0.051656 0.095903
0 0.955594 0.604542 0.060469 0.071000
0 0.627863 0.871618 0.118477 0.173375
0 0.472312 0.970486 0.105578 0.058750
0 0.257527 0.945417 0.095102 0.106028
0 0.258871 0.546056 0.041852 0.098833
0 0.506867 0.424486 0.102375 0.092333
0 0.374301 0.510090 0.042664 0.051292
0 0.276664 0.487833 0.039641 0.045056
0 0.321059 0.476229 0.038680 0.042375
0 0.387906 0.423306 0.029891 0.031833
0 0.364676 0.410292 0.020695 0.026889
0 0.344109 0.430167 0.024781 0.024889
0 0.301207 0.419674 0.024758 0.024819
0 0.282230 0.401965 0.026742 0.022792
0 0.248262 0.400507 0.029164 0.024097
0 0.213480 0.391861 0.030242 0.026500
0 0.196086 0.434333 0.022844 0.055000
0 0.565293 0.478840 0.051898 0.052153
