0 0.536523 0.433410 0.038891 0.036125
0 0.811191 0.676153 0.085023 0.082917
0 0.682719 0.721694 0.086203 0.128083
0 0.522504 0.693181 0.066523 0.116250
0 0.676910 0.580743 0.062211 0.066819
0 0.929129 0.608486 0.083602 0.075306
0 0.397578 0.657521 0.069687 0.137236
0 0.596523 0.529813 0.038641 0.048931
0 0.610254 0.474090 0.050336 0.051625
0 0.447281 0.573403 0.053781 0.065833
0 0.979398 0.580125 0.041125 0.071694
0 0.936516 0.692208 0.085641 0.076556
0 0.282738 0.782111 0.078508 0.169556
0 0.663152 0.476292 0.043758 0.030861
0 0.892434 0.962521 0.151227 0.073847
0 0.677523 0.962236 0.108437 0.073944
0 0.286199 0.628840 0.045664 0.076736
0 0.274152 0.588694 0.039648 0.054417
0 0.546715 0.584146 0.069758 0.100375
0 0.499094 0.482479 0.044609 0.046319
0 0.330250 0.546653 0.043859 0.061972
0 0.341121 0.491840 0.040117 0.050986
0 0.345707 0.463257 0.034164 0.034097
0 0.443199 0.463076 0.039555 0.039653
0 0.472727 0.421993 0.043562 0.047764
0 0.386883 0.434243 0.042719 0.044125
0 0.371172 0.411215 0.033578 0.031236
0 0.237953 0.522125 0.039062 0.051028
0 0.202602 0.478660 0.028703 0.049792
0 0.240352 0.465333 0.034094 0.040167
0 0.263086 0.448292 0.036797 0.039528
0 0.313879 0.417507 0.028477 0.031014
0 0.263719 0.411597 0.025734 0.029750
0 0.237520 0.402486 0.025836 0.032722
0 0.214246 0.437333 0.034273 0.035722
0 0.187586 0.397944 0.020859 0.021528
