0 0.264578 0.544646 0.043703 0.086958
0 0.380711 0.509569 0.045422 0.059167
0 0.484816 0.537951 0.061164 0.074347
0 0.562754 0.511854 0.045086 0.053903
0 0.594234 0.461069 0.047422 0.046306
0 0.388184 0.437660 0.037305 0.039986
0 0.468039 0.971743 0.089703 0.056514
0 0.700250 0.778208 0.103547 0.135972
0 0.411801 0.421326 0.031305 0.028653
0 0.289934 0.445292 0.035711 0.042333
0 0.204719 0.480389 0.029609 0.044389
0 0.269484 0.486715 0.034484 0.042792
0 0.493691 0.644167 0.061367 0.103000
0 0.558527 0.606125 0.064195 0.084833
0 0.613422 0.891153 0.108891 0.161250
0 0.773656 0.630528 0.086547 0.081528
0 0.283828 0.694035 0.064531 0.106375
