0 0.423730 0.578021 0.053414 0.073458
0 0.290707 0.590264 0.042664 0.075250
0 0.402480 0.496125 0.039648 0.045500
0 0.689953 0.588056 0.061141 0.068083
0 0.790965 0.589792 0.069867 0.074056
0 0.924023 0.557424 0.063484 0.059125
0 0.747957 0.415132 0.034117 0.037319
0 0.615586 0.474215 0.049109 0.039319
0 0.245715 0.480583 0.036008 0.042417
0 0.348336 0.463389 0.039469 0.040861
0 0.386727 0.444694 0.035562 0.032778
0 0.461461 0.443729 0.037750 0.037736
0 0.362047 0.421062 0.024719 0.035986
0 0.227918 0.438771 0.033539 0.038014
0 0.261047 0.435458 0.034672 0.034861
0 0.292312 0.410257 0.022031 0.025347
0 0.329430 0.424687 0.037750 0.031958
0 0.233352 0.398694 0.028625 0.026222
0 0.293266 0.686778 0.060703 0.103472
0 0.508449 0.677632 0.061414 0.087097
0 0.415609 0.737167 0.077328 0.140056
0 0.830156 0.680194 0.082234 0.090944
