0 0.740504 0.570764 0.061977 0.073167
0 0.574363 0.799806 0.086633 0.116306
0 0.291293 0.707438 0.056914 0.091653
0 0.873117 0.630833 0.087578 0.093778
0 0.265676 0.408028 0.033367 0.033278
0 0.953547 0.784111 0.092641 0.135917
0 0.305789 0.509493 0.042672 0.059208
0 0.234141 0.428618 0.037031 0.033153
0 0.376926 0.426993 0.035477 0.029958
0 0.505043 0.486674 0.040602 0.039569
0 0.473277 0.448042 0.039039 0.041250
0 0.518824 0.449014 0.038602 0.035472
0 0.592113 0.472868 0.036773 0.038014
0 0.616980 0.509160 0.046008 0.051847
0 0.694090 0.507632 0.050711 0.047236
