0 0.420777 0.505944 0.049711 0.054944
0 0.358277 0.575722 0.045586 0.070194
0 0.286559 0.612132 0.047336 0.077986
0 0.499672 0.636312 0.070047 0.111375
0 0.340273 0.455264 0.034875 0.045056
0 0.346734 0.407646 0.033188 0.027375
0 0.248723 0.398819 0.021789 0.023667
0 0.231246 0.461424 0.036133 0.042819
0 0.255836 0.492875 0.038141 0.052194
0 0.388152 0.656236 0.058352 0.088306
0 0.587828 0.808708 0.100906 0.175250
0 0.853352 0.616799 0.088531 0.085958
0 0.429996 0.815118 0.081055 0.153486
0 0.377418 0.434243 0.035133 0.031236
0 0.436625 0.437326 0.034266 0.034319
0 0.538625 0.447785 0.045172 0.042319
0 0.600289 0.464646 0.048359 0.037319
0 0.565430 0.484479 0.043859 0.044319
0 0.681645 0.533486 0.058305 0.058722
