0 0.598613 0.476931 0.044414 0.045417
0 0.624742 0.457056 0.033969 0.034583
0 0.749312 0.408965 0.038969 0.047181
0 0.269652 0.488715 0.038648 0.044792
0 0.299195 0.464201 0.035563 0.047542
0 0.205172 0.457938 0.026859 0.037431
0 0.223078 0.442562 0.030734 0.029903
0 0.244223 0.429174 0.034305 0.035847
0 0.253312 0.395625 0.029125 0.031361
0 0.628715 0.934667 0.119430 0.130667
0 0.430348 0.750493 0.073633 0.118931
0 0.597383 0.729681 0.085547 0.132361
0 0.504656 0.428368 0.034375 0.036125
0 0.494855 0.473757 0.044242 0.040486
0 0.463410 0.517521 0.052914 0.066319
0 0.349723 0.532562 0.043117 0.056986
0 0.398762 0.576285 0.053352 0.065542
0 0.577145 0.618062 0.062508 0.075153
0 0.851059 0.937208 0.151102 0.125528
0 0.392434 0.959458 0.105336 0.081083
0 0.282633 0.835785 0.077344 0.114708
0 0.391398 0.651056 0.059969 0.096250
0 0.473520 0.616313 0.059414 0.083431
