0 0.540449 0.753188 0.075617 0.116486
0 0.223797 0.441528 0.031703 0.025611
0 0.217500 0.462826 0.034125 0.038931
0 0.346547 0.418812 0.029609 0.029431
0 0.302852 0.466299 0.039188 0.055236
0 0.366289 0.507847 0.043547 0.058833
0 0.551504 0.474625 0.045414 0.046833
0 0.638277 0.520486 0.051945 0.053083
0 0.956773 0.820326 0.086234 0.131819
0 0.206430 0.399736 0.023359 0.020556
0 0.796879 0.536444 0.076648 0.071222
0 0.767414 0.581347 0.063000 0.064000
0 0.765379 0.630375 0.093773 0.096000
0 0.268504 0.406049 0.020586 0.027875
