0 0.294063 0.739451 0.076391 0.145153
0 0.567832 0.617264 0.071820 0.095167
0 0.608113 0.873139 0.101211 0.132444
0 0.858187 0.448465 0.061156 0.042792
0 0.928074 0.541674 0.076539 0.065125
0 0.792879 0.593611 0.069539 0.071667
0 0.703141 0.509465 0.064234 0.056653
0 0.645426 0.515264 0.053195 0.066472
0 0.477746 0.474799 0.040336 0.042792
0 0.424211 0.427396 0.034672 0.030986
0 0.268266 0.406681 0.026094 0.025417
0 0.263273 0.437667 0.035359 0.033583
0 0.298500 0.467528 0.031266 0.030111
0 0.392535 0.630132 0.062742 0.114736
0 0.441301 0.824556 0.093711 0.168444
0 0.279570 0.587549 0.046328 0.068542
0 0.335355 0.541771 0.041070 0.058319
0 0.432480 0.573465 0.047008 0.061069
0 0.304117 0.496757 0.033000 0.041764
