0 0.242258 0.520778 0.035297 0.061972
0 0.449238 0.579181 0.053711 0.081028
0 0.324383 0.534917 0.041719 0.068944
0 0.356270 0.506944 0.037445 0.046111
0 0.550191 0.701979 0.079836 0.123014
0 0.214219 0.394944 0.023234 0.022167
0 0.378461 0.424986 0.032969 0.032778
0 0.444582 0.447021 0.037523 0.035097
0 0.512195 0.438889 0.044609 0.026667
0 0.523348 0.468882 0.035430 0.046653
0 0.504039 0.482875 0.048172 0.051972
0 0.581605 0.528236 0.055086 0.053972
0 0.688785 0.507764 0.048586 0.044722
0 0.662219 0.527236 0.049234 0.050500
0 0.958812 0.614465 0.080844 0.079458
0 0.953047 0.478681 0.067938 0.060389
0 0.223059 0.425146 0.030523 0.026875
0 0.209281 0.482069 0.031781 0.042306
0 0.281734 0.465146 0.038922 0.042819
