0 0.296410 0.689306 0.059586 0.114611
0 0.585832 0.616153 0.062477 0.086194
0 0.763945 0.645000 0.075891 0.083083
0 0.584734 0.796799 0.086531 0.136847
0 0.324730 0.843806 0.085305 0.124500
0 0.374375 0.591306 0.060219 0.106111
0 0.698125 0.759299 0.091344 0.120236
0 0.944543 0.795229 0.079680 0.125764
0 0.660066 0.576049 0.056414 0.061653
0 0.683008 0.500437 0.054922 0.058653
0 0.734703 0.497472 0.051922 0.052972
0 0.562445 0.510451 0.050438 0.057542
0 0.599836 0.449556 0.042906 0.039250
0 0.533340 0.442646 0.048430 0.056653
0 0.496703 0.486361 0.040406 0.042389
0 0.441941 0.456563 0.037742 0.039708
0 0.421773 0.421868 0.036000 0.037403
0 0.362762 0.425604 0.029930 0.029681
0 0.477254 0.528854 0.057492 0.073292
0 0.395512 0.528597 0.045555 0.058333
0 0.303621 0.518021 0.041836 0.053681
0 0.271031 0.580625 0.043266 0.066056
0 0.255207 0.551722 0.033102 0.049556
0 0.212383 0.496236 0.034547 0.045944
0 0.301953 0.470431 0.038328 0.053167
0 0.312840 0.421139 0.025258 0.032000
0 0.208465 0.452882 0.025555 0.032514
0 0.225738 0.433778 0.028164 0.039750
