0 0.807477 0.545889 0.072297 0.061944
0 0.307051 0.708792 0.065648 0.114583
0 0.589523 0.640035 0.066016 0.078653
0 0.601938 0.881701 0.101969 0.146986
0 0.461926 0.593958 0.051695 0.080306
0 0.406973 0.533062 0.048180 0.070931
0 0.355406 0.564292 0.043406 0.062000
0 0.295984 0.510090 0.041656 0.049958
0 0.246711 0.474014 0.032187 0.039583
0 0.212727 0.493778 0.033047 0.046667
0 0.239066 0.427736 0.036180 0.032278
0 0.838543 0.612986 0.075773 0.069167
0 0.918531 0.591306 0.089422 0.090833
0 0.673457 0.525035 0.053195 0.050403
0 0.602195 0.523472 0.050187 0.046389
0 0.633059 0.483993 0.040648 0.039708
0 0.529699 0.447194 0.043914 0.038361
0 0.360398 0.489882 0.044922 0.058431
0 0.411098 0.447681 0.034367 0.025389
0 0.405332 0.421285 0.026289 0.029903
0 0.380859 0.430458 0.030828 0.027806
0 0.309629 0.406167 0.030555 0.026000
0 0.245059 0.395625 0.027055 0.026778
0 0.200188 0.401674 0.023813 0.023903
