0 0.491168 0.618986 0.061180 0.090361
0 0.682809 0.502875 0.048195 0.051833
0 0.361457 0.576535 0.046258 0.067708
0 0.400133 0.537840 0.046641 0.058042
0 0.432391 0.512958 0.047422 0.055278
0 0.327000 0.485910 0.035781 0.050125
0 0.358988 0.471646 0.039039 0.049347
0 0.216742 0.497292 0.039891 0.052194
0 0.298742 0.443021 0.042547 0.046319
0 0.238012 0.436188 0.034680 0.041319
0 0.355496 0.412132 0.031867 0.031986
0 0.280785 0.681937 0.056977 0.094264
0 0.709543 0.586667 0.073695 0.081500
0 0.408254 0.916993 0.100117 0.153347
0 0.394898 0.676660 0.058813 0.090264
