0 0.494102 0.479507 0.039906 0.039319
0 0.804562 0.547618 0.065656 0.079153
0 0.226512 0.461208 0.034602 0.039417
0 0.212738 0.496146 0.033258 0.049569
0 0.414238 0.553389 0.046258 0.061500
0 0.576469 0.792118 0.087063 0.158236
0 0.386063 0.605500 0.049469 0.091139
0 0.283754 0.619090 0.050820 0.089542
0 0.251148 0.547944 0.040469 0.057556
0 0.303316 0.511167 0.044070 0.047972
0 0.420848 0.502604 0.044695 0.052514
0 0.375566 0.503632 0.047414 0.057347
0 0.639980 0.691389 0.074664 0.090167
0 0.281414 0.775125 0.073312 0.120917
0 0.654402 0.505833 0.057883 0.082083
0 0.834977 0.693764 0.087297 0.092972
0 0.470590 0.588264 0.059711 0.089556
0 0.439922 0.906875 0.099234 0.164194
0 0.307609 0.398410 0.023516 0.025153
0 0.285348 0.413979 0.032758 0.029347
0 0.417445 0.413201 0.033953 0.035236
0 0.358266 0.410076 0.030359 0.025431
0 0.359770 0.437285 0.030867 0.027208
0 0.408078 0.452236 0.038141 0.038361
0 0.545387 0.454062 0.034914 0.037792
0 0.519148 0.471410 0.025375 0.039319
